Date   	CBS gas	ANWB gas
jan-21	0,8	0,82
feb-21	0,8	0,8
mar-21	0,81	0,79
apr-21	0,81	0,82
may-21	0,81	0,88
jun-21	0,83	0,92
jul-21	0,87	1,01
aug-21	0,88	1,1
sep-21	0,93	1,31
oct-21	1,05	1,64
nov-21	1,27	1,53
dec-21	1,42	1,92
jan-22	1,74	1,6
feb-22	1,67	1,56
mar-22	2,39	2,15
apr-22	2,23	1,81
may-22	1,97	1,66
jun-22	1,76	1,82
jul-22	2,08	2,19
aug-22	2,6	2,84
sep-22	3,26	2,4
oct-22	3,27	1,34
nov-22	2,31	1,49
dec-22	2,31	1,79
jan-23	2,59	1,44
feb-23	2,44	1,32
mar-23	2,31	1,21
apr-23	1,78	1,19
may-23	1,54	1,05
jun-23	1,48	1,05
jul-23	1,29	1,03
aug-23	1,26	1,07
sep-23	1,26	1,11
oct-23	1,24	1,19
nov-23	1,27	1,18
dec-23	1,29	1,09
jan-24	1,4	1,12
feb-24	1,4	1,07
mar-24	1,38	1,07
apr-24	1,34	1,
may-24	1,3	1,11
jun-24	1,29	1,16
jul-24	1,29	1,15
aug-24	1,28	1,2
sep-24  1,29    1,19
oct-24  1,32    1,25  
nov-24  1,32    1,28 
dec-24  1,33    1,29
jan-25  1,33    1,33
feb-25  1,34    1,35
mar-25  1,35    1,25