DATE	CBS stroom	ANWB stroom	
jan-21	0,22	0,22	
feb-21	0,22	0,22	
mar-21	0,23	0,23	
apr-21	0,23	0,23	
may-21	0,23	0,23	
jun-21	0,23	0,26	
jul-21	0,24	0,27	
aug-21	0,24	0,27	
sep-21	0,26	0,33	
oct-21	0,28	0,36	
nov-21	0,33	0,39	
dec-21	0,37	0,45	
jan-22	0,4	0,33	
feb-22	0,38	0,3	
mar-22	0,56	0,41	
apr-22	0,52	0,33	
may-22	0,44	0,32	
jun-22	0,42	0,35	
jul-22	0,49	0,41	
aug-22	0,58	0,54	
sep-22	0,72	0,43	
oct-22	0,73	0,25	
nov-22	0,6	0,29	
dec-22	0,59	0,37	
jan-23	0,67	0,32	
feb-23	0,63	0,33	
mar-23	0,58	0,3	
apr-23	0,45	0,29	
may-23	0,4	0,26	
jun-23	0,39	0,28	
jul-23	0,35	0,26	
aug-23	0,35	0,28	
sep-23	0,35	0,29	
oct-23	0,35	0,28	
nov-23	0,35	0,29	
dec-23	0,35	0,26	
jan-24	0,33	0,3	
feb-24	0,33	0,25	
mar-24	0,33	0,26	
apr-24	0,31	0,25	
may-24	0,3	0,27	
jun-24	0,3	0,26	
jul-24	0,29	0,26	
aug-24	0,28	0,27	
sep-24 0,28     0,27
oct-24 0,29     0,29
nov-24 0,29     0,32
dec-24 0,29     0,31
jan-25 0,29     0,31
feb-25 0,28     0,32
mar-25 0,28     0,28